0 0
2.0000000000000001246e-09 0
2.0500000000000001587e-09 3.2999999999999998224
3.0500000000000000142e-09 3.2999999999999998224
3.1000000000000000483e-09 0
1.4279212118818456337e-08 0
1.4329212118818456785e-08 3.2999999999999998224
1.5329212118818455813e-08 3.2999999999999998224
1.5379212118818456261e-08 0
5.2114581565147783267e-08 0
5.2164581565147780406e-08 3.2999999999999998224
5.3164581565147782743e-08 3.2999999999999998224
5.3214581565147779882e-08 0
1.4256356085632730477e-07 0
1.4261356085632730852e-07 3.2999999999999998224
1.4361356085632730424e-07 3.2999999999999998224
1.43663560856327308e-07 0
1.7510765660780294869e-07 0
1.7515765660780295245e-07 3.2999999999999998224
1.7615765660780294816e-07 3.2999999999999998224
1.7620765660780295192e-07 0
2.0603203357846179083e-07 0
2.0608203357846179459e-07 3.2999999999999998224
2.0708203357846179031e-07 3.2999999999999998224
2.0713203357846179406e-07 0
2.8344674791016942559e-07 0
2.8349674791016942935e-07 3.2999999999999998224
2.8449674791016945153e-07 3.2999999999999998224
2.8454674791016945529e-07 0
3.6665088427040557531e-07 0
3.6670088427040557907e-07 3.2999999999999998224
3.6770088427040560126e-07 3.2999999999999998224
3.6775088427040560501e-07 0
4.1017685478335248812e-07 0
4.1022685478335249187e-07 3.2999999999999998224
4.1122685478335251406e-07 3.2999999999999998224
4.1127685478335251782e-07 0
4.4634985932662865093e-07 0
4.4639985932662865468e-07 3.2999999999999998224
4.4739985932662867687e-07 3.2999999999999998224
4.4744985932662868063e-07 0
4.6079831617070591428e-07 0
4.6084831617070591803e-07 3.2999999999999998224
4.6184831617070594022e-07 3.2999999999999998224
4.6189831617070594398e-07 0
5.3478678728889030559e-07 0
5.3483678728889030935e-07 3.2999999999999998224
5.3583678728889027859e-07 3.2999999999999998224
5.3588678728889028235e-07 0
6.0368644861428058251e-07 0
6.0373644861428058627e-07 3.2999999999999998224
6.0473644861428055552e-07 3.2999999999999998224
6.0478644861428055927e-07 0
6.6162349607921541515e-07 0
6.6167349607921541891e-07 3.2999999999999998224
6.6267349607921538816e-07 3.2999999999999998224
6.6272349607921539191e-07 0
7.1758457202167203835e-07 0
7.1763457202167204211e-07 3.2999999999999998224
7.1863457202167201136e-07 3.2999999999999998224
7.1868457202167201512e-07 0
7.8785530247566222395e-07 0
7.879053024756622277e-07 3.2999999999999998224
7.8890530247566219695e-07 3.2999999999999998224
7.8895530247566220071e-07 0
8.3107871214366529882e-07 0
8.3112871214366530258e-07 3.2999999999999998224
8.3212871214366527183e-07 3.2999999999999998224
8.3217871214366527558e-07 0
9.2321170670032876073e-07 0
9.2326170670032876448e-07 3.2999999999999998224
9.2426170670032873373e-07 3.2999999999999998224
9.2431170670032873749e-07 0
9.3116354081876508702e-07 0
9.3121354081876509077e-07 3.2999999999999998224
9.3221354081876506002e-07 3.2999999999999998224
9.3226354081876506378e-07 0
9.6787335475874118521e-07 0
9.6792335475874108309e-07 3.2999999999999998224
9.6892335475874115822e-07 3.2999999999999998224
9.689733547587410561e-07 0
9.7242098710952178549e-07 0
9.7247098710952168337e-07 3.2999999999999998224
9.734709871095217585e-07 3.2999999999999998224
9.7352098710952165638e-07 0
9.9979279913253479202e-07 0
9.998427991325346899e-07 3.2999999999999998224
1.000842799132534765e-06 3.2999999999999998224
1.0008927991325346629e-06 0
1.0288657819720455565e-06 0
1.0289157819720454544e-06 3.2999999999999998224
1.0299157819720455295e-06 3.2999999999999998224
1.0299657819720454274e-06 0
1.1234962614319196868e-06 0
1.1235462614319195846e-06 3.2999999999999998224
1.1245462614319196598e-06 3.2999999999999998224
1.1245962614319195576e-06 0
1.1634210935597584598e-06 0
1.1634710935597583577e-06 3.2999999999999998224
1.1644710935597584328e-06 3.2999999999999998224
1.1645210935597583307e-06 0
1.2180951754591894803e-06 0
1.2181451754591893782e-06 3.2999999999999998224
1.2191451754591894533e-06 3.2999999999999998224
1.2191951754591893512e-06 0
1.2369135799553373218e-06 0
1.2369635799553372197e-06 3.2999999999999998224
1.2379635799553372948e-06 3.2999999999999998224
1.2380135799553371927e-06 0
1.2597870300492328962e-06 0
1.2598370300492327941e-06 3.2999999999999998224
1.2608370300492328693e-06 3.2999999999999998224
1.2608870300492327671e-06 0
1.2893022192183523752e-06 0
1.2893522192183522731e-06 3.2999999999999998224
1.2903522192183523482e-06 3.2999999999999998224
1.2904022192183522461e-06 0
1.381960283420366453e-06 0
1.3820102834203663509e-06 3.2999999999999998224
1.383010283420366426e-06 3.2999999999999998224
1.3830602834203663239e-06 0
1.47200395396430878e-06 0
1.4720539539643086779e-06 3.2999999999999998224
1.473053953964308753e-06 3.2999999999999998224
1.4731039539643086509e-06 0
1.5478686640359661575e-06 0
1.5479186640359660554e-06 3.2999999999999998224
1.5489186640359661306e-06 3.2999999999999998224
1.5489686640359660284e-06 0
1.6435299845924173268e-06 0
1.6435799845924172247e-06 3.2999999999999998224
1.6445799845924172998e-06 3.2999999999999998224
1.6446299845924171977e-06 0
1.6680522204692641579e-06 0
1.6681022204692640557e-06 3.2999999999999998224
1.6691022204692641309e-06 3.2999999999999998224
1.6691522204692640287e-06 0
1.6947454504086175518e-06 0
1.6947954504086174497e-06 3.2999999999999998224
1.6957954504086175248e-06 3.2999999999999998224
1.6958454504086174227e-06 0
1.7790624018014775282e-06 0
1.7791124018014774261e-06 3.2999999999999998224
1.7801124018014775012e-06 3.2999999999999998224
1.7801624018014773991e-06 0
1.8545019379467227181e-06 0
1.854551937946722616e-06 3.2999999999999998224
1.8555519379467226911e-06 3.2999999999999998224
1.855601937946722589e-06 0
1.8959126287468977629e-06 0
1.8959626287468976607e-06 3.2999999999999998224
1.8969626287468977359e-06 3.2999999999999998224
1.8970126287468976337e-06 0
1.99422711588910391e-06 0
1.9942771158891040196e-06 3.2999999999999998224
1.9952771158891040948e-06 3.2999999999999998224
1.9953271158891042044e-06 0
2.0584150257310642213e-06 0
2.058465025731064331e-06 3.2999999999999998224
2.0594650257310644061e-06 3.2999999999999998224
2.0595150257310645157e-06 0
2.0810423589942504325e-06 0
2.0810923589942505421e-06 3.2999999999999998224
2.0820923589942506172e-06 3.2999999999999998224
2.0821423589942507269e-06 0
2.0920406585472857112e-06 0
2.0920906585472858208e-06 3.2999999999999998224
2.0930906585472858959e-06 3.2999999999999998224
2.0931406585472860056e-06 0
2.1189800847205977419e-06 0
2.1190300847205978515e-06 3.2999999999999998224
2.1200300847205979267e-06 3.2999999999999998224
2.1200800847205980363e-06 0
2.1915207822099238847e-06 0
2.1915707822099239944e-06 3.2999999999999998224
2.1925707822099240695e-06 3.2999999999999998224
2.1926207822099241791e-06 0
2.2848586823097114264e-06 0
2.284908682309711536e-06 3.2999999999999998224
2.2859086823097116111e-06 3.2999999999999998224
2.2859586823097117208e-06 0
2.3854621811288694963e-06 0
2.3855121811288696059e-06 3.2999999999999998224
2.386512181128869681e-06 3.2999999999999998224
2.3865621811288697907e-06 0
2.4057122377111874196e-06 0
2.4057622377111875293e-06 3.2999999999999998224
2.4067622377111876044e-06 3.2999999999999998224
2.406812237711187714e-06 0
2.4771945610640609334e-06 0
2.477244561064061043e-06 3.2999999999999998224
2.4782445610640611181e-06 3.2999999999999998224
2.4782945610640612278e-06 0
2.5012576297450116609e-06 0
2.5013076297450117705e-06 3.2999999999999998224
2.5023076297450118457e-06 3.2999999999999998224
2.5023576297450119553e-06 0
2.5604913669663893184e-06 0
2.5605413669663894281e-06 3.2999999999999998224
2.5615413669663895032e-06 3.2999999999999998224
2.5615913669663896128e-06 0
2.6000054556936654329e-06 0
2.6000554556936655425e-06 3.2999999999999998224
2.6010554556936656176e-06 3.2999999999999998224
2.6011054556936657273e-06 0
2.6684723697606978263e-06 0
2.6685223697606979359e-06 3.2999999999999998224
2.669522369760698011e-06 3.2999999999999998224
2.6695723697606981207e-06 0
2.753828671206217086e-06 0
2.7538786712062171956e-06 3.2999999999999998224
2.7548786712062172707e-06 3.2999999999999998224
2.7549286712062173804e-06 0
2.8211440181113325138e-06 0
2.8211940181113326234e-06 3.2999999999999998224
2.8221940181113326986e-06 3.2999999999999998224
2.8222440181113328082e-06 0
2.8568702977522523461e-06 0
2.8569202977522524558e-06 3.2999999999999998224
2.8579202977522525309e-06 3.2999999999999998224
2.8579702977522526405e-06 0
2.8659592843266538808e-06 0
2.8660092843266539904e-06 3.2999999999999998224
2.8670092843266540655e-06 3.2999999999999998224
2.8670592843266541752e-06 0
2.9104018602107643352e-06 0
2.9104518602107644449e-06 3.2999999999999998224
2.91145186021076452e-06 3.2999999999999998224
2.9115018602107646296e-06 0
2.9205075032990484088e-06 0
2.9205575032990485184e-06 3.2999999999999998224
2.9215575032990485936e-06 3.2999999999999998224
2.9216075032990487032e-06 0
2.9561992140706417759e-06 0
2.9562492140706418855e-06 3.2999999999999998224
2.9572492140706419607e-06 3.2999999999999998224
2.9572992140706420703e-06 0
2.9727921106557632834e-06 0
2.972842110655763393e-06 3.2999999999999998224
2.9738421106557634682e-06 3.2999999999999998224
2.9738921106557635778e-06 0
3.0262328624222449908e-06 0
3.0262828624222451004e-06 3.2999999999999998224
3.0272828624222451755e-06 3.2999999999999998224
3.0273328624222452852e-06 0
3.0919078467492521771e-06 0
3.0919578467492522868e-06 3.2999999999999998224
3.0929578467492523619e-06 3.2999999999999998224
3.0930078467492524715e-06 0
3.145240849421016272e-06 0
3.1452908494210163817e-06 3.2999999999999998224
3.1462908494210164568e-06 3.2999999999999998224
3.1463408494210165664e-06 0
3.1581667361601973639e-06 0
3.1582167361601974735e-06 3.2999999999999998224
3.1592167361601975487e-06 3.2999999999999998224
3.1592667361601976583e-06 0
3.2537184238350439287e-06 0
3.2537684238350440384e-06 3.2999999999999998224
3.2547684238350441135e-06 3.2999999999999998224
3.2548184238350442231e-06 0
3.2682674271605904717e-06 0
3.2683174271605905813e-06 3.2999999999999998224
3.2693174271605906565e-06 3.2999999999999998224
3.2693674271605907661e-06 0
3.3065705744539889198e-06 0
3.3066205744539890295e-06 3.2999999999999998224
3.3076205744539891046e-06 3.2999999999999998224
3.3076705744539892142e-06 0
3.3107606287719481712e-06 0
3.3108106287719482808e-06 3.2999999999999998224
3.311810628771948356e-06 3.2999999999999998224
3.3118606287719484656e-06 0
3.3422414617721174377e-06 0
3.3422914617721175473e-06 3.2999999999999998224
3.3432914617721176224e-06 3.2999999999999998224
3.3433414617721177321e-06 0
3.4111635341621006278e-06 0
3.4112135341621007374e-06 3.2999999999999998224
3.4122135341621008126e-06 3.2999999999999998224
3.4122635341621009222e-06 0
3.4157400140241885711e-06 0
3.4157900140241886808e-06 3.2999999999999998224
3.4167900140241887559e-06 3.2999999999999998224
3.4168400140241888655e-06 0
3.4661917102186773842e-06 0
3.4662417102186774938e-06 3.2999999999999998224
3.467241710218677569e-06 3.2999999999999998224
3.4672917102186776786e-06 0
3.5147174099136490582e-06 0
3.5147674099136491679e-06 3.2999999999999998224
3.515767409913649243e-06 3.2999999999999998224
3.5158174099136493526e-06 0
3.5694218752464170464e-06 0
3.569471875246417156e-06 3.2999999999999998224
3.5704718752464172312e-06 3.2999999999999998224
3.5705218752464173408e-06 0
3.5925123140396571324e-06 0
3.5925623140396572421e-06 3.2999999999999998224
3.5935623140396573172e-06 3.2999999999999998224
3.5936123140396574268e-06 0
3.6826643741088861458e-06 0
3.6827143741088862555e-06 3.2999999999999998224
3.6837143741088863306e-06 3.2999999999999998224
3.6837643741088864402e-06 0
3.7668586069499354544e-06 0
3.766908606949935564e-06 3.2999999999999998224
3.7679086069499356391e-06 3.2999999999999998224
3.7679586069499357488e-06 0
3.8039770785699184836e-06 0
3.8040270785699185933e-06 3.2999999999999998224
3.8050270785699186684e-06 3.2999999999999998224
3.805077078569918778e-06 0
3.8674626834208373894e-06 0
3.8675126834208374991e-06 3.2999999999999998224
3.8685126834208371507e-06 3.2999999999999998224
3.8685626834208372603e-06 0
3.8866008008848145589e-06 0
3.8866508008848146686e-06 3.2999999999999998224
3.8876508008848143202e-06 3.2999999999999998224
3.8877008008848144298e-06 0
3.9046344409084244697e-06 0
3.9046844409084245794e-06 3.2999999999999998224
3.905684440908424231e-06 3.2999999999999998224
3.9057344409084243406e-06 0
3.9701945256650640723e-06 0
3.9702445256650641819e-06 3.2999999999999998224
3.9712445256650638335e-06 3.2999999999999998224
3.9712945256650639432e-06 0
3.9935228311300486619e-06 0
3.9935728311300487716e-06 3.2999999999999998224
3.9945728311300484232e-06 3.2999999999999998224
3.9946228311300485328e-06 0
4.0563386780565033842e-06 0
4.0563886780565034938e-06 3.2999999999999998224
4.0573886780565031454e-06 3.2999999999999998224
4.057438678056503255e-06 0
4.1489839393050630194e-06 0
4.149033939305063129e-06 3.2999999999999998224
4.1500339393050627806e-06 3.2999999999999998224
4.1500839393050628902e-06 0
4.1718231034884585659e-06 0
4.1718731034884586756e-06 3.2999999999999998224
4.1728731034884583272e-06 3.2999999999999998224
4.1729231034884584368e-06 0
4.1842031885629260495e-06 0
4.1842531885629261591e-06 3.2999999999999998224
4.1852531885629258107e-06 3.2999999999999998224
4.1853031885629259204e-06 0
4.2495055013432517159e-06 0
4.2495555013432518256e-06 3.2999999999999998224
4.2505555013432514772e-06 3.2999999999999998224
4.2506055013432515868e-06 0
4.2816580678223618975e-06 0
4.2817080678223620071e-06 3.2999999999999998224
4.2827080678223616587e-06 3.2999999999999998224
4.2827580678223617683e-06 0
4.3248461595454662634e-06 0
4.324896159545466373e-06 3.2999999999999998224
4.3258961595454660247e-06 3.2999999999999998224
4.3259461595454661343e-06 0
4.4140502813896446548e-06 0
4.4141002813896447644e-06 3.2999999999999998224
4.4151002813896444161e-06 3.2999999999999998224
4.4151502813896445257e-06 0
4.4264410636701183318e-06 0
4.4264910636701184415e-06 3.2999999999999998224
4.4274910636701180931e-06 3.2999999999999998224
4.4275410636701182027e-06 0
4.4726421563325834558e-06 0
4.4726921563325835654e-06 3.2999999999999998224
4.4736921563325832171e-06 3.2999999999999998224
4.4737421563325833267e-06 0
4.5115045994744648491e-06 0
4.5115545994744649588e-06 3.2999999999999998224
4.5125545994744646104e-06 3.2999999999999998224
4.51260459947446472e-06 0
4.553465563622197602e-06 0
4.5535155636221977116e-06 3.2999999999999998224
4.5545155636221973632e-06 3.2999999999999998224
4.5545655636221974729e-06 0
4.6265360614606816655e-06 0
4.6265860614606817752e-06 3.2999999999999998224
4.6275860614606814268e-06 3.2999999999999998224
4.6276360614606815364e-06 0
4.7050792638704516237e-06 0
4.7051292638704517334e-06 3.2999999999999998224
4.706129263870451385e-06 3.2999999999999998224
4.7061792638704514946e-06 0
4.7359239786759274181e-06 0
4.7359739786759275277e-06 3.2999999999999998224
4.7369739786759271794e-06 3.2999999999999998224
4.737023978675927289e-06 0
4.8162503691702491883e-06 0
4.816300369170249298e-06 3.2999999999999998224
4.8173003691702489496e-06 3.2999999999999998224
4.8173503691702490592e-06 0
4.8913107585148447634e-06 0
4.891360758514844873e-06 3.2999999999999998224
4.8923607585148445247e-06 3.2999999999999998224
4.8924107585148446343e-06 0
4.9416944721617408462e-06 0
4.9417444721617409558e-06 3.2999999999999998224
4.9427444721617406074e-06 3.2999999999999998224
4.9427944721617407171e-06 0
4.9997859847247586086e-06 0
4.9998359847247587183e-06 3.2999999999999998224
5.0008359847247583699e-06 3.2999999999999998224
5.0008859847247584795e-06 0
5.0597084581485899079e-06 0
5.0597584581485900175e-06 3.2999999999999998224
5.0607584581485896692e-06 3.2999999999999998224
5.0608084581485897788e-06 0
5.1490706829825748635e-06 0
5.1491206829825749732e-06 3.2999999999999998224
5.1501206829825746248e-06 3.2999999999999998224
5.1501706829825747344e-06 0
5.1831724585999233932e-06 0
5.1832224585999235028e-06 3.2999999999999998224
5.1842224585999231544e-06 3.2999999999999998224
5.184272458599923264e-06 0
5.2618601460114226918e-06 0
5.2619101460114228014e-06 3.2999999999999998224
5.262910146011422453e-06 3.2999999999999998224
5.2629601460114225627e-06 0
5.3454996027563283589e-06 0
5.3455496027563284686e-06 3.2999999999999998224
5.3465496027563281202e-06 3.2999999999999998224
5.3465996027563282298e-06 0
5.4002460976115029584e-06 0
5.400296097611503068e-06 3.2999999999999998224
5.4012960976115027197e-06 3.2999999999999998224
5.4013460976115028293e-06 0
5.4066309223403007577e-06 0
5.4066809223403008674e-06 3.2999999999999998224
5.407680922340300519e-06 3.2999999999999998224
5.4077309223403006286e-06 0
5.4143467780432385424e-06 0
5.414396778043238652e-06 3.2999999999999998224
5.4153967780432383036e-06 3.2999999999999998224
5.4154467780432384132e-06 0
5.4737699144987676526e-06 0
5.4738199144987677622e-06 3.2999999999999998224
5.4748199144987674139e-06 3.2999999999999998224
5.4748699144987675235e-06 0
5.5568501404723666409e-06 0
5.5569001404723667505e-06 3.2999999999999998224
5.5579001404723664021e-06 3.2999999999999998224
5.5579501404723665118e-06 0
5.6072290578470017372e-06 0
5.6072790578470018468e-06 3.2999999999999998224
5.6082790578470014984e-06 3.2999999999999998224
5.608329057847001608e-06 0
5.6672508887795249242e-06 0
5.6673008887795250338e-06 3.2999999999999998224
5.6683008887795246854e-06 3.2999999999999998224
5.668350888779524795e-06 0
5.6699058505429374922e-06 0
5.6699558505429376018e-06 3.2999999999999998224
5.6709558505429372534e-06 3.2999999999999998224
5.6710058505429373631e-06 0
5.72107788607679009e-06 0
5.7211278860767901996e-06 3.2999999999999998224
5.7221278860767898513e-06 3.2999999999999998224
5.7221778860767899609e-06 0
5.8102408973317865026e-06 0
5.8102908973317866123e-06 3.2999999999999998224
5.8112908973317862639e-06 3.2999999999999998224
5.8113408973317863735e-06 0
5.8681708243688735654e-06 0
5.8682208243688736751e-06 3.2999999999999998224
5.8692208243688733267e-06 3.2999999999999998224
5.8692708243688734363e-06 0
5.9411358158778731722e-06 0
5.9411858158778732818e-06 3.2999999999999998224
5.9421858158778729334e-06 3.2999999999999998224
5.9422358158778730431e-06 0
6.0358409298767371322e-06 0
6.0358909298767372419e-06 3.2999999999999998224
6.0368909298767368935e-06 3.2999999999999998224
6.0369409298767370031e-06 0
6.1236058455916601785e-06 0
6.1236558455916602882e-06 3.2999999999999998224
6.1246558455916599398e-06 3.2999999999999998224
6.1247058455916600494e-06 0
6.2115969219856008768e-06 0
6.2116469219856009865e-06 3.2999999999999998224
6.2126469219856006381e-06 3.2999999999999998224
6.2126969219856007477e-06 0
6.2387403522520769309e-06 0
6.2387903522520770405e-06 3.2999999999999998224
6.2397903522520766921e-06 3.2999999999999998224
6.2398403522520768017e-06 0
6.2813040520058252428e-06 0
6.2813540520058253524e-06 3.2999999999999998224
6.2823540520058250041e-06 3.2999999999999998224
6.2824040520058251137e-06 0
6.3229232203821567114e-06 0
6.322973220382156821e-06 3.2999999999999998224
6.3239732203821564727e-06 3.2999999999999998224
6.3240232203821565823e-06 0
6.3608347736266713753e-06 0
6.3608847736266714849e-06 3.2999999999999998224
6.3618847736266711366e-06 3.2999999999999998224
6.3619347736266712462e-06 0
6.3804135940070395952e-06 0
6.3804635940070397049e-06 3.2999999999999998224
6.3814635940070393565e-06 3.2999999999999998224
6.3815135940070394661e-06 0
6.3856012660746257648e-06 0
6.3856512660746258744e-06 3.2999999999999998224
6.386651266074625526e-06 3.2999999999999998224
6.3867012660746256357e-06 0
6.3996543511448113027e-06 0
6.3997043511448114124e-06 3.2999999999999998224
6.400704351144811064e-06 3.2999999999999998224
6.4007543511448111736e-06 0
6.4368047770969359371e-06 0
6.4368547770969360467e-06 3.2999999999999998224
6.4378547770969356983e-06 3.2999999999999998224
6.4379047770969358079e-06 0
6.502475481503914613e-06 0
6.5025254815039147227e-06 3.2999999999999998224
6.5035254815039143743e-06 3.2999999999999998224
6.5035754815039144839e-06 0
6.5745939822446215243e-06 0
6.574643982244621634e-06 3.2999999999999998224
6.5756439822446212856e-06 3.2999999999999998224
6.5756939822446213952e-06 0
6.6700674226970052831e-06 0
6.6701174226970053928e-06 3.2999999999999998224
6.6711174226970050444e-06 3.2999999999999998224
6.671167422697005154e-06 0
6.6898486176931994346e-06 0
6.6898986176931995442e-06 3.2999999999999998224
6.6908986176931991958e-06 3.2999999999999998224
6.6909486176931993055e-06 0
6.7142428841975214604e-06 0
6.7142928841975215701e-06 3.2999999999999998224
6.7152928841975212217e-06 3.2999999999999998224
6.7153428841975213313e-06 0
6.7945219783922565293e-06 0
6.7945719783922566389e-06 3.2999999999999998224
6.7955719783922562905e-06 3.2999999999999998224
6.7956219783922564001e-06 0
6.8176968125872537053e-06 0
6.817746812587253815e-06 3.2999999999999998224
6.8187468125872534666e-06 3.2999999999999998224
6.8187968125872535762e-06 0
6.8287704405149613865e-06 0
6.8288204405149614961e-06 3.2999999999999998224
6.8298204405149611477e-06 3.2999999999999998224
6.8298704405149612574e-06 0
6.904734109450333641e-06 0
6.9047841094503337506e-06 3.2999999999999998224
6.9057841094503334022e-06 3.2999999999999998224
6.9058341094503335119e-06 0
6.9979448021365485367e-06 0
6.9979948021365486464e-06 3.2999999999999998224
6.998994802136548298e-06 3.2999999999999998224
6.9990448021365484076e-06 0
7.0321124085983695794e-06 0
7.0321624085983696891e-06 3.2999999999999998224
7.0331624085983693407e-06 3.2999999999999998224
7.0332124085983694503e-06 0
7.1090551732861448415e-06 0
7.1091051732861449512e-06 3.2999999999999998224
7.1101051732861446028e-06 3.2999999999999998224
7.1101551732861447124e-06 0
7.1256885716686727575e-06 0
7.1257385716686728671e-06 3.2999999999999998224
7.1267385716686725187e-06 3.2999999999999998224
7.1267885716686726284e-06 0
7.1361660330760579384e-06 0
7.1362160330760580481e-06 3.2999999999999998224
7.1372160330760576997e-06 3.2999999999999998224
7.1372660330760578093e-06 0
7.1716896306293337863e-06 0
7.171739630629333896e-06 3.2999999999999998224
7.1727396306293335476e-06 3.2999999999999998224
7.1727896306293336572e-06 0
7.2464522773174861486e-06 0
7.2465022773174862583e-06 3.2999999999999998224
7.2475022773174859099e-06 3.2999999999999998224
7.2475522773174860195e-06 0
7.3373956751065880046e-06 0
7.3374456751065881142e-06 3.2999999999999998224
7.3384456751065877658e-06 3.2999999999999998224
7.3384956751065878755e-06 0
7.401984673039107738e-06 0
7.4020346730391078477e-06 3.2999999999999998224
7.4030346730391074993e-06 3.2999999999999998224
7.4030846730391076089e-06 0
7.4056164171592883859e-06 0
7.4056664171592884955e-06 3.2999999999999998224
7.4066664171592881471e-06 3.2999999999999998224
7.4067164171592882567e-06 0
7.4861077282640170672e-06 0
7.4861577282640171769e-06 3.2999999999999998224
7.4871577282640168285e-06 3.2999999999999998224
7.4872077282640169381e-06 0
7.5697862276145097454e-06 0
7.569836227614509855e-06 3.2999999999999998224
7.5708362276145095066e-06 3.2999999999999998224
7.5708862276145096163e-06 0
7.5809058895001265761e-06 0
7.5809558895001266857e-06 3.2999999999999998224
7.5819558895001263373e-06 3.2999999999999998224
7.582005889500126447e-06 0
7.6188521324526675541e-06 0
7.6189021324526676638e-06 3.2999999999999998224
7.6199021324526673154e-06 3.2999999999999998224
7.619952132452667425e-06 0
7.6812351526230053007e-06 0
7.6812851526230054104e-06 3.2999999999999998224
7.682285152623005909e-06 3.2999999999999998224
7.6823351526230060186e-06 0
7.7017128568675391248e-06 0
7.7017628568675392344e-06 3.2999999999999998224
7.7027628568675397331e-06 3.2999999999999998224
7.7028128568675398427e-06 0
7.7858173568054266062e-06 0
7.7858673568054267159e-06 3.2999999999999998224
7.7868673568054272145e-06 3.2999999999999998224
7.7869173568054273241e-06 0
7.7928571868887127694e-06 0
7.792907186888712879e-06 3.2999999999999998224
7.7939071868887133777e-06 3.2999999999999998224
7.7939571868887134873e-06 0
7.881290132576952709e-06 0
7.8813401325769528186e-06 3.2999999999999998224
7.8823401325769533172e-06 3.2999999999999998224
7.8823901325769534269e-06 0
7.9669161005998283606e-06 0
7.9669661005998284703e-06 3.2999999999999998224
7.9679661005998289689e-06 3.2999999999999998224
7.9680161005998290785e-06 0
7.9919452669454879996e-06 0
7.9919952669454881092e-06 3.2999999999999998224
7.9929952669454886079e-06 3.2999999999999998224
7.9930452669454887175e-06 0
8.0069649048640620295e-06 0
8.0070149048640621391e-06 3.2999999999999998224
8.0080149048640626377e-06 3.2999999999999998224
8.0080649048640627474e-06 0
8.0823346997414988668e-06 0
8.0823846997414989764e-06 3.2999999999999998224
8.0833846997414994751e-06 3.2999999999999998224
8.0834346997414995847e-06 0
8.1805886189237233923e-06 0
8.1806386189237235019e-06 3.2999999999999998224
8.1816386189237240006e-06 3.2999999999999998224
8.1816886189237241102e-06 0
8.240282108145589304e-06 0
8.2403321081455894136e-06 3.2999999999999998224
8.2413321081455899122e-06 3.2999999999999998224
8.2413821081455900219e-06 0
8.2701116034365756849e-06 0
8.2701616034365757946e-06 3.2999999999999998224
8.2711616034365762932e-06 3.2999999999999998224
8.2712116034365764028e-06 0
8.2989834216075745874e-06 0
8.299033421607574697e-06 3.2999999999999998224
8.3000334216075751957e-06 3.2999999999999998224
8.3000834216075753053e-06 0
8.3103974206671591947e-06 0
8.3104474206671593043e-06 3.2999999999999998224
8.311447420667159803e-06 3.2999999999999998224
8.3114974206671599126e-06 0
8.3777177182411752271e-06 0
8.3777677182411753367e-06 3.2999999999999998224
8.3787677182411758354e-06 3.2999999999999998224
8.378817718241175945e-06 0
8.4514574826608720732e-06 0
8.4515074826608721829e-06 3.2999999999999998224
8.4525074826608726815e-06 3.2999999999999998224
8.4525574826608727911e-06 0
8.4605377290867883681e-06 0
8.4605877290867884777e-06 3.2999999999999998224
8.4615877290867889764e-06 3.2999999999999998224
8.461637729086789086e-06 0
8.5079850065861211067e-06 0
8.5080350065861212164e-06 3.2999999999999998224
8.509035006586121715e-06 3.2999999999999998224
8.5090850065861218246e-06 0
8.5495821293169920526e-06 0
8.5496321293169921622e-06 3.2999999999999998224
8.5506321293169926609e-06 3.2999999999999998224
8.5506821293169927705e-06 0
8.5989568113727447819e-06 0
8.5990068113727448915e-06 3.2999999999999998224
8.6000068113727453901e-06 3.2999999999999998224
8.6000568113727454998e-06 0
8.6592344264602872105e-06 0
8.6592844264602873201e-06 3.2999999999999998224
8.6602844264602878187e-06 3.2999999999999998224
8.6603344264602879284e-06 0
8.7203961195990881703e-06 0
8.7204461195990882799e-06 3.2999999999999998224
8.7214461195990887786e-06 3.2999999999999998224
8.7214961195990888882e-06 0
8.8097669866478753959e-06 0
8.8098169866478755056e-06 3.2999999999999998224
8.8108169866478760042e-06 3.2999999999999998224
8.8108669866478761139e-06 0
8.8577410109069370457e-06 0
8.8577910109069371553e-06 3.2999999999999998224
8.8587910109069376539e-06 3.2999999999999998224
8.8588410109069377636e-06 0
8.8762505071214511536e-06 0
8.8763005071214512632e-06 3.2999999999999998224
8.8773005071214517619e-06 3.2999999999999998224
8.8773505071214518715e-06 0
8.9381905409656635321e-06 0
8.9382405409656636417e-06 3.2999999999999998224
8.9392405409656641404e-06 3.2999999999999998224
8.93929054096566425e-06 0
9.0239381911454671686e-06 0
9.0239881911454672783e-06 3.2999999999999998224
9.0249881911454677769e-06 3.2999999999999998224
9.0250381911454678865e-06 0
9.087529914052479315e-06 0
9.0875799140524794246e-06 3.2999999999999998224
9.0885799140524799232e-06 3.2999999999999998224
9.0886299140524800329e-06 0
9.1673093871265108791e-06 0
9.1673593871265109887e-06 3.2999999999999998224
9.1683593871265114874e-06 3.2999999999999998224
9.168409387126511597e-06 0
9.2046637157982861221e-06 0
9.2047137157982862317e-06 3.2999999999999998224
9.2057137157982867303e-06 3.2999999999999998224
9.20576371579828684e-06 0
9.2450635226080674095e-06 0
9.2451135226080675191e-06 3.2999999999999998224
9.2461135226080680177e-06 3.2999999999999998224
9.2461635226080681274e-06 0
9.2764814050410737152e-06 0
9.2765314050410738249e-06 3.2999999999999998224
9.2775314050410743235e-06 3.2999999999999998224
9.2775814050410744332e-06 0
9.3639900773420377771e-06 0
9.3640400773420378867e-06 3.2999999999999998224
9.3650400773420383854e-06 3.2999999999999998224
9.365090077342038495e-06 0
9.4549397967658429734e-06 0
9.454989796765843083e-06 3.2999999999999998224
9.4559897967658435817e-06 3.2999999999999998224
9.4560397967658436913e-06 0
9.5170731597606174264e-06 0
9.5171231597606175361e-06 3.2999999999999998224
9.5181231597606180347e-06 3.2999999999999998224
9.5181731597606181444e-06 0
9.5616016419282638168e-06 0
9.5616516419282639264e-06 3.2999999999999998224
9.5626516419282644251e-06 3.2999999999999998224
9.5627016419282645347e-06 0
9.6191906665319019341e-06 0
9.6192406665319020437e-06 3.2999999999999998224
9.6202406665319025424e-06 3.2999999999999998224
9.620290666531902652e-06 0
9.7111007292518056059e-06 0
9.7111507292518057155e-06 3.2999999999999998224
9.7121507292518062141e-06 3.2999999999999998224
9.7122007292518063238e-06 0
9.7136543930364273981e-06 0
9.7137043930364275077e-06 3.2999999999999998224
9.7147043930364280063e-06 3.2999999999999998224
9.714754393036428116e-06 0
9.7651119791161691347e-06 0
9.7651619791161692444e-06 3.2999999999999998224
9.766161979116169743e-06 3.2999999999999998224
9.7662119791161698527e-06 0
9.8273623795498236266e-06 0
9.8274123795498237363e-06 3.2999999999999998224
9.8284123795498242349e-06 3.2999999999999998224
9.8284623795498243445e-06 0
9.9154921367330829115e-06 0
9.9155421367330830211e-06 3.2999999999999998224
9.9165421367330835198e-06 3.2999999999999998224
9.9165921367330836294e-06 0
9.9394373368954772903e-06 0
9.9394873368954773999e-06 3.2999999999999998224
9.9404873368954778986e-06 3.2999999999999998224
9.9405373368954780082e-06 0
1.0006791528918642203e-05 0
1.0006841528918642312e-05 3.2999999999999998224
1.0007841528918642811e-05 3.2999999999999998224
1.000789152891864292e-05 0
1.0059566299065247837e-05 0
1.0059616299065247947e-05 3.2999999999999998224
1.0060616299065248445e-05 3.2999999999999998224
1.0060666299065248555e-05 0
1.0119805112741994072e-05 0
1.0119855112741994182e-05 3.2999999999999998224
1.012085511274199468e-05 3.2999999999999998224
1.012090511274199479e-05 0
1.0186432941172853545e-05 0
1.0186482941172853654e-05 3.2999999999999998224
1.0187482941172854153e-05 3.2999999999999998224
1.0187532941172854263e-05 0
1.0262478514713118083e-05 0
1.0262528514713118192e-05 3.2999999999999998224
1.0263528514713118691e-05 3.2999999999999998224
1.0263578514713118801e-05 0
1.0264637557793646706e-05 0
1.0264687557793646816e-05 3.2999999999999998224
1.0265687557793647314e-05 3.2999999999999998224
1.0265737557793647424e-05 0
1.0298876921937146465e-05 0
1.0298926921937146575e-05 3.2999999999999998224
1.0299926921937147074e-05 3.2999999999999998224
1.0299976921937147183e-05 0
1.0390261416180041168e-05 0
1.0390311416180041278e-05 3.2999999999999998224
1.0391311416180041777e-05 3.2999999999999998224
1.0391361416180041886e-05 0
1.0478305702003557376e-05 0
1.0478355702003557486e-05 3.2999999999999998224
1.0479355702003557985e-05 3.2999999999999998224
1.0479405702003558094e-05 0
1.0533427080723673397e-05 0
1.0533477080723673507e-05 3.2999999999999998224
1.0534477080723674006e-05 3.2999999999999998224
1.0534527080723674115e-05 0
1.057277000283378709e-05 0
1.05728200028337872e-05 3.2999999999999998224
1.0573820002833787698e-05 3.2999999999999998224
1.0573870002833787808e-05 0
1.0587480390037421995e-05 0
1.0587530390037422104e-05 3.2999999999999998224
1.0588530390037422603e-05 3.2999999999999998224
1.0588580390037422713e-05 0
1.064292610080139186e-05 0
1.0642976100801391969e-05 3.2999999999999998224
1.0643976100801392468e-05 3.2999999999999998224
1.0644026100801392578e-05 0
1.0740766453653811924e-05 0
1.0740816453653812034e-05 3.2999999999999998224
1.0741816453653812532e-05 3.2999999999999998224
1.0741866453653812642e-05 0
1.0775124752827005249e-05 0
1.0775174752827005359e-05 3.2999999999999998224
1.0776174752827005857e-05 3.2999999999999998224
1.0776224752827005967e-05 0
1.078971635124871336e-05 0
1.078976635124871347e-05 3.2999999999999998224
1.0790766351248713969e-05 3.2999999999999998224
1.0790816351248714078e-05 0
1.0812863452364684358e-05 0
1.0812913452364684468e-05 3.2999999999999998224
1.0813913452364684966e-05 3.2999999999999998224
1.0813963452364685076e-05 0
1.0858846603022168415e-05 0
1.0858896603022168525e-05 3.2999999999999998224
1.0859896603022169023e-05 3.2999999999999998224
1.0859946603022169133e-05 0
1.0874745523661765988e-05 0
1.0874795523661766097e-05 3.2999999999999998224
1.0875795523661766596e-05 3.2999999999999998224
1.0875845523661766706e-05 0
1.0878457772769784212e-05 0
1.0878507772769784322e-05 3.2999999999999998224
1.087950777276978482e-05 3.2999999999999998224
1.087955777276978493e-05 0
1.0951360757999966156e-05 0
1.0951410757999966266e-05 3.2999999999999998224
1.0952410757999966765e-05 3.2999999999999998224
1.0952460757999966874e-05 0
1.0972245152725945407e-05 0
1.0972295152725945516e-05 3.2999999999999998224
1.0973295152725946015e-05 3.2999999999999998224
1.0973345152725946124e-05 0
1.1017110527368863059e-05 0
1.1017160527368863169e-05 3.2999999999999998224
1.1018160527368863667e-05 3.2999999999999998224
1.1018210527368863777e-05 0
1.107695767170541102e-05 0
1.107700767170541113e-05 3.2999999999999998224
1.1078007671705411628e-05 3.2999999999999998224
1.1078057671705411738e-05 0
1.1125319674025068814e-05 0
1.1125369674025068924e-05 3.2999999999999998224
1.1126369674025069422e-05 3.2999999999999998224
1.1126419674025069532e-05 0
1.1139228427974579063e-05 0
1.1139278427974579172e-05 3.2999999999999998224
1.1140278427974579671e-05 3.2999999999999998224
1.1140328427974579781e-05 0
1.1179869585010414684e-05 0
1.1179919585010414794e-05 3.2999999999999998224
1.1180919585010415292e-05 3.2999999999999998224
1.1180969585010415402e-05 0
1.1279343333011265655e-05 0
1.1279393333011265764e-05 3.2999999999999998224
1.1280393333011266263e-05 3.2999999999999998224
1.1280443333011266373e-05 0
1.1307508276829645588e-05 0
1.1307558276829645698e-05 3.2999999999999998224
1.1308558276829646196e-05 3.2999999999999998224
1.1308608276829646306e-05 0
1.137903736394492786e-05 0
1.137908736394492797e-05 3.2999999999999998224
1.1380087363944928468e-05 3.2999999999999998224
1.1380137363944928578e-05 0
1.1450018925932829337e-05 0
1.1450068925932829447e-05 3.2999999999999998224
1.1451068925932829945e-05 3.2999999999999998224
1.1451118925932830055e-05 0
1.1540352369336074709e-05 0
1.1540402369336074818e-05 3.2999999999999998224
1.1541402369336075317e-05 3.2999999999999998224
1.1541452369336075427e-05 0
1.1547494037493978867e-05 0
1.1547544037493978977e-05 3.2999999999999998224
1.1548544037493979476e-05 3.2999999999999998224
1.1548594037493979585e-05 0
1.16399875651232535e-05 0
1.1640037565123253609e-05 3.2999999999999998224
1.1641037565123254108e-05 3.2999999999999998224
1.1641087565123254218e-05 0
1.1703782479284433813e-05 0
1.1703832479284433923e-05 3.2999999999999998224
1.1704832479284434422e-05 3.2999999999999998224
1.1704882479284434531e-05 0
1.1786750374630810992e-05 0
1.1786800374630811101e-05 3.2999999999999998224
1.17878003746308116e-05 3.2999999999999998224
1.178785037463081171e-05 0
1.1803081023614428382e-05 0
1.1803131023614428491e-05 3.2999999999999998224
1.180413102361442899e-05 3.2999999999999998224
1.18041810236144291e-05 0
1.18905110657911522e-05 0
1.189056106579115231e-05 3.2999999999999998224
1.1891561065791152809e-05 3.2999999999999998224
1.1891611065791152918e-05 0
1.1933710991477685436e-05 0
1.1933760991477685546e-05 3.2999999999999998224
1.1934760991477686044e-05 3.2999999999999998224
1.1934810991477686154e-05 0
1.1972478380308935854e-05 0
1.1972528380308935963e-05 3.2999999999999998224
1.1973528380308936462e-05 3.2999999999999998224
1.1973578380308936572e-05 0
1.2010274956536331326e-05 0
1.2010324956536331436e-05 3.2999999999999998224
1.2011324956536331934e-05 3.2999999999999998224
1.2011374956536332044e-05 0
1.2109889460535085297e-05 0
1.2109939460535085407e-05 3.2999999999999998224
1.2110939460535085905e-05 3.2999999999999998224
1.2110989460535086015e-05 0
1.2149737344392025327e-05 0
1.2149787344392025436e-05 3.2999999999999998224
1.2150787344392025935e-05 3.2999999999999998224
1.2150837344392026045e-05 0
1.2212007568507604461e-05 0
1.2212057568507604571e-05 3.2999999999999998224
1.2213057568507605069e-05 3.2999999999999998224
1.2213107568507605179e-05 0
1.226357079686694853e-05 0
1.226362079686694864e-05 3.2999999999999998224
1.2264620796866949139e-05 3.2999999999999998224
1.2264670796866949248e-05 0
1.232796923168277573e-05 0
1.2328019231682775839e-05 3.2999999999999998224
1.2329019231682776338e-05 3.2999999999999998224
1.2329069231682776448e-05 0
1.2358977246088241779e-05 0
1.2359027246088241889e-05 3.2999999999999998224
1.2360027246088242387e-05 3.2999999999999998224
1.2360077246088242497e-05 0
1.2382598149479211213e-05 0
1.2382648149479211322e-05 3.2999999999999998224
1.2383648149479211821e-05 3.2999999999999998224
1.2383698149479211931e-05 0
1.2402713154698905443e-05 0
1.2402763154698905553e-05 3.2999999999999998224
1.2403763154698906052e-05 3.2999999999999998224
1.2403813154698906161e-05 0
1.2483020373195171488e-05 0
1.2483070373195171598e-05 3.2999999999999998224
1.2484070373195172096e-05 3.2999999999999998224
1.2484120373195172206e-05 0
1.2538665455645397239e-05 0
1.2538715455645397349e-05 3.2999999999999998224
1.2539715455645397848e-05 3.2999999999999998224
1.2539765455645397957e-05 0
1.2595387282458344734e-05 0
1.2595437282458344844e-05 3.2999999999999998224
1.2596437282458345343e-05 3.2999999999999998224
1.2596487282458345452e-05 0
1.2693386611074373852e-05 0
1.2693436611074373962e-05 3.2999999999999998224
1.269443661107437446e-05 3.2999999999999998224
1.269448661107437457e-05 0
1.2774021861316556123e-05 0
1.2774071861316556233e-05 3.2999999999999998224
1.2775071861316556732e-05 3.2999999999999998224
1.2775121861316556841e-05 0
1.2870310447367335884e-05 0
1.2870360447367335994e-05 3.2999999999999998224
1.2871360447367336492e-05 3.2999999999999998224
1.2871410447367336602e-05 0
1.2935613109063758168e-05 0
1.2935663109063758278e-05 3.2999999999999998224
1.2936663109063758776e-05 3.2999999999999998224
1.2936713109063758886e-05 0
1.3002607387310953881e-05 0
1.3002657387310953991e-05 3.2999999999999998224
1.3003657387310954489e-05 3.2999999999999998224
1.3003707387310954599e-05 0
1.3006323832160233584e-05 0
1.3006373832160233694e-05 3.2999999999999998224
1.3007373832160234193e-05 3.2999999999999998224
1.3007423832160234302e-05 0
1.309585728080585051e-05 0
1.3095907280805850619e-05 3.2999999999999998224
1.3096907280805851118e-05 3.2999999999999998224
1.3096957280805851228e-05 0
1.3143924681700710244e-05 0
1.3143974681700710354e-05 3.2999999999999998224
1.3144974681700710852e-05 3.2999999999999998224
1.3145024681700710962e-05 0
1.3224378271544534212e-05 0
1.3224428271544534321e-05 3.2999999999999998224
1.322542827154453482e-05 3.2999999999999998224
1.322547827154453493e-05 0
1.3284528794144311208e-05 0
1.3284578794144311317e-05 3.2999999999999998224
1.3285578794144311816e-05 3.2999999999999998224
1.3285628794144311926e-05 0
1.3313505222384659028e-05 0
1.3313555222384659138e-05 3.2999999999999998224
1.3314555222384659636e-05 3.2999999999999998224
1.3314605222384659746e-05 0
1.3385545646359802428e-05 0
1.3385595646359802537e-05 3.2999999999999998224
1.3386595646359803036e-05 3.2999999999999998224
1.3386645646359803145e-05 0
1.3456429960931995301e-05 0
1.3456479960931995411e-05 3.2999999999999998224
1.3457479960931995909e-05 3.2999999999999998224
1.3457529960931996019e-05 0
1.3540992247425582355e-05 0
1.3541042247425582465e-05 3.2999999999999998224
1.3542042247425582963e-05 3.2999999999999998224
1.3542092247425583073e-05 0
1.3560723338595003575e-05 0
1.3560773338595003684e-05 3.2999999999999998224
1.3561773338595004183e-05 3.2999999999999998224
1.3561823338595004293e-05 0
1.3636017676368069414e-05 0
1.3636067676368069523e-05 3.2999999999999998224
1.3637067676368070022e-05 3.2999999999999998224
1.3637117676368070132e-05 0
1.3697756159422724769e-05 0
1.3697806159422724878e-05 3.2999999999999998224
1.3698806159422725377e-05 3.2999999999999998224
1.3698856159422725487e-05 0
1.3760182362971620649e-05 0
1.3760232362971620758e-05 3.2999999999999998224
1.3761232362971621257e-05 3.2999999999999998224
1.3761282362971621367e-05 0
1.3815805820239234579e-05 0
1.3815855820239234688e-05 3.2999999999999998224
1.3816855820239235187e-05 3.2999999999999998224
1.3816905820239235296e-05 0
1.3849085719930684721e-05 0
1.3849135719930684831e-05 3.2999999999999998224
1.3850135719930685329e-05 3.2999999999999998224
1.3850185719930685439e-05 0
1.3940961824373940929e-05 0
1.3941011824373941038e-05 3.2999999999999998224
1.3942011824373941537e-05 3.2999999999999998224
1.3942061824373941646e-05 0
1.4036477134355636578e-05 0
1.4036527134355636687e-05 3.2999999999999998224
1.4037527134355637186e-05 3.2999999999999998224
1.4037577134355637296e-05 0
1.4100950276717706062e-05 0
1.4101000276717706172e-05 3.2999999999999998224
1.410200027671770667e-05 3.2999999999999998224
1.410205027671770678e-05 0
1.4121289776365150801e-05 0
1.412133977636515091e-05 3.2999999999999998224
1.4122339776365151409e-05 3.2999999999999998224
1.4122389776365151519e-05 0
1.4155269558199501379e-05 0
1.4155319558199501488e-05 3.2999999999999998224
1.4156319558199501987e-05 3.2999999999999998224
1.4156369558199502097e-05 0
1.4198075093094357591e-05 0
1.4198125093094357701e-05 3.2999999999999998224
1.4199125093094358199e-05 3.2999999999999998224
1.4199175093094358309e-05 0
1.4298659729150443984e-05 0
1.4298709729150444093e-05 3.2999999999999998224
1.4299709729150444592e-05 3.2999999999999998224
1.4299759729150444702e-05 0
1.4368753806857410696e-05 0
1.4368803806857410806e-05 3.2999999999999998224
1.4369803806857411304e-05 3.2999999999999998224
1.4369853806857411414e-05 0
1.4435139141201185227e-05 0
1.4435189141201185337e-05 3.2999999999999998224
1.4436189141201185836e-05 3.2999999999999998224
1.4436239141201185945e-05 0
1.4501719533112808719e-05 0
1.4501769533112808828e-05 3.2999999999999998224
1.4502769533112809327e-05 3.2999999999999998224
1.4502819533112809437e-05 0
1.4601105916096981591e-05 0
1.46011559160969817e-05 3.2999999999999998224
1.4602155916096982199e-05 3.2999999999999998224
1.4602205916096982309e-05 0
1.4649398806828613359e-05 0
1.4649448806828613468e-05 3.2999999999999998224
1.4650448806828613967e-05 3.2999999999999998224
1.4650498806828614077e-05 0
1.4681220696467566257e-05 0
1.4681270696467566366e-05 3.2999999999999998224
1.4682270696467566865e-05 3.2999999999999998224
1.4682320696467566974e-05 0
1.4713295930699542987e-05 0
1.4713345930699543097e-05 3.2999999999999998224
1.4714345930699543596e-05 3.2999999999999998224
1.4714395930699543705e-05 0
1.4742305919624656572e-05 0
1.4742355919624656682e-05 3.2999999999999998224
1.4743355919624657181e-05 3.2999999999999998224
1.474340591962465729e-05 0
1.4822697804822232304e-05 0
1.4822747804822232413e-05 3.2999999999999998224
1.4823747804822232912e-05 3.2999999999999998224
1.4823797804822233022e-05 0
1.489378818082021623e-05 0
1.489383818082021634e-05 3.2999999999999998224
1.4894838180820216839e-05 3.2999999999999998224
1.4894888180820216948e-05 0
1.4922708689321315112e-05 0
1.4922758689321315222e-05 3.2999999999999998224
1.492375868932131572e-05 3.2999999999999998224
1.492380868932131583e-05 0
1.5019530528885223687e-05 0
1.5019580528885223796e-05 3.2999999999999998224
1.5020580528885224295e-05 3.2999999999999998224
1.5020630528885224405e-05 0
1.5037864193596885135e-05 0
1.5037914193596885244e-05 3.2999999999999998224
1.5038914193596885743e-05 3.2999999999999998224
1.5038964193596885853e-05 0
1.5104019542112207821e-05 0
1.5104069542112207931e-05 3.2999999999999998224
1.5105069542112208429e-05 3.2999999999999998224
1.5105119542112208539e-05 0
1.5152813314144847521e-05 0
1.5152863314144847631e-05 3.2999999999999998224
1.515386331414484813e-05 3.2999999999999998224
1.5153913314144848239e-05 0
1.5218877111953746999e-05 0
1.5218927111953747109e-05 3.2999999999999998224
1.5219927111953747607e-05 3.2999999999999998224
1.5219977111953747717e-05 0
1.529967844217277245e-05 0
1.529972844217277256e-05 3.2999999999999998224
1.5300728442172771364e-05 3.2999999999999998224
1.5300778442172771474e-05 0
1.5373011612884079002e-05 0
1.5373061612884079112e-05 3.2999999999999998224
1.5374061612884077916e-05 3.2999999999999998224
1.5374111612884078026e-05 0
1.5434155563273334381e-05 0
1.5434205563273334491e-05 3.2999999999999998224
1.5435205563273333296e-05 3.2999999999999998224
1.5435255563273333405e-05 0
1.550833478685117325e-05 0
1.550838478685117336e-05 3.2999999999999998224
1.5509384786851172165e-05 3.2999999999999998224
1.5509434786851172274e-05 0
1.5609270306284594028e-05 0
1.5609320306284594137e-05 3.2999999999999998224
1.5610320306284592942e-05 3.2999999999999998224
1.5610370306284593051e-05 0
1.5676940734695793888e-05 0
1.5676990734695793998e-05 3.2999999999999998224
1.5677990734695792803e-05 3.2999999999999998224
1.5678040734695792912e-05 0
1.5687640623527256015e-05 0
1.5687690623527256124e-05 3.2999999999999998224
1.5688690623527254929e-05 3.2999999999999998224
1.5688740623527255039e-05 0
1.576202102335841072e-05 0
1.576207102335841083e-05 3.2999999999999998224
1.5763071023358409635e-05 3.2999999999999998224
1.5763121023358409744e-05 0
1.579366669911304045e-05 0
1.5793716699113040559e-05 3.2999999999999998224
1.5794716699113039364e-05 3.2999999999999998224
1.5794766699113039473e-05 0
1.5850809025378681272e-05 0
1.5850859025378681382e-05 3.2999999999999998224
1.5851859025378680187e-05 3.2999999999999998224
1.5851909025378680296e-05 0
1.5876508716551148472e-05 0
1.5876558716551148582e-05 3.2999999999999998224
1.5877558716551147387e-05 3.2999999999999998224
1.5877608716551147496e-05 0
1.5900395696963582037e-05 0
1.5900445696963582147e-05 3.2999999999999998224
1.5901445696963580951e-05 3.2999999999999998224
1.5901495696963581061e-05 0
1.5965654887994355505e-05 0
1.5965704887994355615e-05 3.2999999999999998224
1.5966704887994354419e-05 3.2999999999999998224
1.5966754887994354529e-05 0
1.6005842552059381577e-05 0
1.6005892552059381687e-05 3.2999999999999998224
1.6006892552059380491e-05 3.2999999999999998224
1.6006942552059380601e-05 0
1.6029368295051972331e-05 0
1.6029418295051972441e-05 3.2999999999999998224
1.6030418295051971245e-05 3.2999999999999998224
1.6030468295051971355e-05 0
1.6072244216731816483e-05 0
1.6072294216731816593e-05 3.2999999999999998224
1.6073294216731815397e-05 3.2999999999999998224
1.6073344216731815507e-05 0
1.6092408359817973588e-05 0
1.6092458359817973698e-05 3.2999999999999998224
1.6093458359817972502e-05 3.2999999999999998224
1.6093508359817972612e-05 0
1.6152072812131592456e-05 0
1.6152122812131592566e-05 3.2999999999999998224
1.615312281213159137e-05 3.2999999999999998224
1.615317281213159148e-05 0
1.6191676927382699829e-05 0
1.6191726927382699938e-05 3.2999999999999998224
1.6192726927382698743e-05 3.2999999999999998224
1.6192776927382698853e-05 0
1.6221247910094338459e-05 0
1.6221297910094338568e-05 3.2999999999999998224
1.6222297910094337373e-05 3.2999999999999998224
1.6222347910094337482e-05 0
1.6304019905869496031e-05 0
1.6304069905869496141e-05 3.2999999999999998224
1.6305069905869494946e-05 3.2999999999999998224
1.6305119905869495055e-05 0
1.6318126340258826937e-05 0
1.6318176340258827047e-05 3.2999999999999998224
1.6319176340258825851e-05 3.2999999999999998224
1.6319226340258825961e-05 0
1.6365378051918885212e-05 0
1.6365428051918885321e-05 3.2999999999999998224
1.6366428051918884126e-05 3.2999999999999998224
1.6366478051918884236e-05 0
1.6405773573346174181e-05 0
1.6405823573346174291e-05 3.2999999999999998224
1.6406823573346173095e-05 3.2999999999999998224
1.6406873573346173205e-05 0
1.6446062945868350773e-05 0
1.6446112945868350883e-05 3.2999999999999998224
1.6447112945868349687e-05 3.2999999999999998224
1.6447162945868349797e-05 0
1.6545831454404341351e-05 0
1.654588145440434146e-05 3.2999999999999998224
1.6546881454404340265e-05 3.2999999999999998224
1.6546931454404340374e-05 0
1.6640162371107675171e-05 0
1.664021237110767528e-05 3.2999999999999998224
1.6641212371107674085e-05 3.2999999999999998224
1.6641262371107674195e-05 0
1.6727351755020697821e-05 0
1.6727401755020697931e-05 3.2999999999999998224
1.6728401755020696736e-05 3.2999999999999998224
1.6728451755020696845e-05 0
1.6742621780821708599e-05 0
1.6742671780821708708e-05 3.2999999999999998224
1.6743671780821707513e-05 3.2999999999999998224
1.6743721780821707622e-05 0
1.6758533109123538348e-05 0
1.6758583109123538458e-05 3.2999999999999998224
1.6759583109123537262e-05 3.2999999999999998224
1.6759633109123537372e-05 0
1.6778737349603250757e-05 0
1.6778787349603250866e-05 3.2999999999999998224
1.6779787349603249671e-05 3.2999999999999998224
1.6779837349603249781e-05 0
1.6800033386512448861e-05 0
1.680008338651244897e-05 3.2999999999999998224
1.6801083386512447775e-05 3.2999999999999998224
1.6801133386512447885e-05 0
1.6840198407514215043e-05 0
1.6840248407514215153e-05 3.2999999999999998224
1.6841248407514213957e-05 3.2999999999999998224
1.6841298407514214067e-05 0
1.6857286538733276874e-05 0
1.6857336538733276983e-05 3.2999999999999998224
1.6858336538733275788e-05 3.2999999999999998224
1.6858386538733275897e-05 0
1.6924406404669021403e-05 0
1.6924456404669021512e-05 3.2999999999999998224
1.6925456404669020317e-05 3.2999999999999998224
1.6925506404669020426e-05 0
1.6977004588093536536e-05 0
1.6977054588093536645e-05 3.2999999999999998224
1.697805458809353545e-05 3.2999999999999998224
1.697810458809353556e-05 0
1.6985158795068119398e-05 0
1.6985208795068119507e-05 3.2999999999999998224
1.6986208795068118312e-05 3.2999999999999998224
1.6986258795068118421e-05 0
1.7008743813667556721e-05 0
1.7008793813667556831e-05 3.2999999999999998224
1.7009793813667555636e-05 3.2999999999999998224
1.7009843813667555745e-05 0
1.7105283064447694946e-05 0
1.7105333064447695055e-05 3.2999999999999998224
1.710633306444769386e-05 3.2999999999999998224
1.710638306444769397e-05 0
1.718974423391758717e-05 0
1.718979423391758728e-05 3.2999999999999998224
1.7190794233917586084e-05 3.2999999999999998224
1.7190844233917586194e-05 0
1.7244727872014749097e-05 0
1.7244777872014749206e-05 3.2999999999999998224
1.7245777872014748011e-05 3.2999999999999998224
1.7245827872014748121e-05 0
1.7321664353150504489e-05 0
1.7321714353150504599e-05 3.2999999999999998224
1.7322714353150503404e-05 3.2999999999999998224
1.7322764353150503513e-05 0
1.7359799349476320797e-05 0
1.7359849349476320907e-05 3.2999999999999998224
1.7360849349476319711e-05 3.2999999999999998224
1.7360899349476319821e-05 0
1.7386441597163342792e-05 0
1.7386491597163342902e-05 3.2999999999999998224
1.7387491597163341707e-05 3.2999999999999998224
1.7387541597163341816e-05 0
1.7450696027333059858e-05 0
1.7450746027333059968e-05 3.2999999999999998224
1.7451746027333058772e-05 3.2999999999999998224
1.7451796027333058882e-05 0
1.7457673597781854177e-05 0
1.7457723597781854287e-05 3.2999999999999998224
1.7458723597781853091e-05 3.2999999999999998224
1.7458773597781853201e-05 0
1.7542378460064711796e-05 0
1.7542428460064711905e-05 3.2999999999999998224
1.754342846006471071e-05 3.2999999999999998224
1.754347846006471082e-05 0
1.75753712616532057e-05 0
1.7575421261653205809e-05 3.2999999999999998224
1.7576421261653204614e-05 3.2999999999999998224
1.7576471261653204723e-05 0
1.7608179230372969433e-05 0
1.7608229230372969543e-05 3.2999999999999998224
1.7609229230372968347e-05 3.2999999999999998224
1.7609279230372968457e-05 0
1.7627345520559228664e-05 0
1.7627395520559228773e-05 3.2999999999999998224
1.7628395520559227578e-05 3.2999999999999998224
1.7628445520559227688e-05 0
1.7664728905548765297e-05 0
1.7664778905548765407e-05 3.2999999999999998224
1.7665778905548764211e-05 3.2999999999999998224
1.7665828905548764321e-05 0
1.7755303423055942603e-05 0
1.7755353423055942713e-05 3.2999999999999998224
1.7756353423055941517e-05 3.2999999999999998224
1.7756403423055941627e-05 0
1.7825666194741105803e-05 0
1.7825716194741105913e-05 3.2999999999999998224
1.7826716194741104717e-05 3.2999999999999998224
1.7826766194741104827e-05 0
1.7841661043839547748e-05 0
1.7841711043839547857e-05 3.2999999999999998224
1.7842711043839546662e-05 3.2999999999999998224
1.7842761043839546771e-05 0
1.7940846508285086694e-05 0
1.7940896508285086804e-05 3.2999999999999998224
1.7941896508285085608e-05 3.2999999999999998224
1.7941946508285085718e-05 0
1.8017065768260389112e-05 0
1.8017115768260389221e-05 3.2999999999999998224
1.8018115768260388026e-05 3.2999999999999998224
1.8018165768260388136e-05 0
1.8071801051325928989e-05 0
1.8071851051325929098e-05 3.2999999999999998224
1.8072851051325927903e-05 3.2999999999999998224
1.8072901051325928012e-05 0
1.8096928101051080833e-05 0
1.8096978101051080942e-05 3.2999999999999998224
1.8097978101051079747e-05 3.2999999999999998224
1.8098028101051079857e-05 0
1.8119197347483360092e-05 0
1.8119247347483360202e-05 3.2999999999999998224
1.8120247347483359006e-05 3.2999999999999998224
1.8120297347483359116e-05 0
1.8173538277426484034e-05 0
1.8173588277426484144e-05 3.2999999999999998224
1.8174588277426482948e-05 3.2999999999999998224
1.8174638277426483058e-05 0
1.8177464350392066655e-05 0
1.8177514350392066765e-05 3.2999999999999998224
1.8178514350392065569e-05 3.2999999999999998224
1.8178564350392065679e-05 0
1.8239615516032961219e-05 0
1.8239665516032961328e-05 3.2999999999999998224
1.8240665516032960133e-05 3.2999999999999998224
1.8240715516032960243e-05 0
1.8278150863768065679e-05 0
1.8278200863768065789e-05 3.2999999999999998224
1.8279200863768064594e-05 3.2999999999999998224
1.8279250863768064703e-05 0
1.8355448089265297395e-05 0
1.8355498089265297505e-05 3.2999999999999998224
1.8356498089265296309e-05 3.2999999999999998224
1.8356548089265296419e-05 0
1.8423532154130985432e-05 0
1.8423582154130985542e-05 3.2999999999999998224
1.8424582154130984346e-05 3.2999999999999998224
1.8424632154130984456e-05 0
1.8442623588123728485e-05 0
1.8442673588123728595e-05 3.2999999999999998224
1.84436735881237274e-05 3.2999999999999998224
1.8443723588123727509e-05 0
1.8519294996958213576e-05 0
1.8519344996958213685e-05 3.2999999999999998224
1.852034499695821249e-05 3.2999999999999998224
1.85203949969582126e-05 0
1.8606901159331246809e-05 0
1.8606951159331246918e-05 3.2999999999999998224
1.8607951159331245723e-05 3.2999999999999998224
1.8608001159331245833e-05 0
1.8681451438725122895e-05 0
1.8681501438725123005e-05 3.2999999999999998224
1.8682501438725121809e-05 3.2999999999999998224
1.8682551438725121919e-05 0
1.8766152996142901403e-05 0
1.8766202996142901513e-05 3.2999999999999998224
1.8767202996142900317e-05 3.2999999999999998224
1.8767252996142900427e-05 0
1.8790945854466494555e-05 0
1.8790995854466494664e-05 3.2999999999999998224
1.8791995854466493469e-05 3.2999999999999998224
1.8792045854466493578e-05 0
1.8880282768842041865e-05 0
1.8880332768842041975e-05 3.2999999999999998224
1.8881332768842040779e-05 3.2999999999999998224
1.8881382768842040889e-05 0
1.8898533376684383494e-05 0
1.8898583376684383603e-05 3.2999999999999998224
1.8899583376684382408e-05 3.2999999999999998224
1.8899633376684382517e-05 0
1.8927785969891848289e-05 0
1.8927835969891848399e-05 3.2999999999999998224
1.8928835969891847203e-05 3.2999999999999998224
1.8928885969891847313e-05 0
1.8948614944699500285e-05 0
1.8948664944699500394e-05 3.2999999999999998224
1.8949664944699499199e-05 3.2999999999999998224
1.8949714944699499309e-05 0
1.9021316913257771761e-05 0
1.902136691325777187e-05 3.2999999999999998224
1.9022366913257770675e-05 3.2999999999999998224
1.9022416913257770784e-05 0
1.9111578069503696686e-05 0
1.9111628069503696796e-05 3.2999999999999998224
1.91126280695036956e-05 3.2999999999999998224
1.911267806950369571e-05 0
1.9123237772226644353e-05 0
1.9123287772226644463e-05 3.2999999999999998224
1.9124287772226643267e-05 3.2999999999999998224
1.9124337772226643377e-05 0
1.9216103641478785052e-05 0
1.9216153641478785161e-05 3.2999999999999998224
1.9217153641478783966e-05 3.2999999999999998224
1.9217203641478784076e-05 0
1.9298141940432474726e-05 0
1.9298191940432474835e-05 3.2999999999999998224
1.929919194043247364e-05 3.2999999999999998224
1.9299241940432473749e-05 0
1.9360306807097306907e-05 0
1.9360356807097307017e-05 3.2999999999999998224
1.9361356807097305821e-05 3.2999999999999998224
1.9361406807097305931e-05 0
1.9454823322400575605e-05 0
1.9454873322400575715e-05 3.2999999999999998224
1.9455873322400574519e-05 3.2999999999999998224
1.9455923322400574629e-05 0
1.9538878438204597583e-05 0
1.9538928438204597693e-05 3.2999999999999998224
1.9539928438204596497e-05 3.2999999999999998224
1.9539978438204596607e-05 0
1.9579517392461383816e-05 0
1.9579567392461383926e-05 3.2999999999999998224
1.958056739246138273e-05 3.2999999999999998224
1.958061739246138284e-05 0
1.9636065164939199633e-05 0
1.9636115164939199742e-05 3.2999999999999998224
1.9637115164939198547e-05 3.2999999999999998224
1.9637165164939198657e-05 0
1.9642055576815694581e-05 0
1.9642105576815694691e-05 3.2999999999999998224
1.9643105576815693495e-05 3.2999999999999998224
1.9643155576815693605e-05 0
1.973337779757027897e-05 0
1.973342779757027908e-05 3.2999999999999998224
1.9734427797570277884e-05 3.2999999999999998224
1.9734477797570277994e-05 0
1.9743848395336114607e-05 0
1.9743898395336114716e-05 3.2999999999999998224
1.9744898395336113521e-05 3.2999999999999998224
1.9744948395336113631e-05 0
1.9764541443862498839e-05 0
1.9764591443862498948e-05 3.2999999999999998224
1.9765591443862497753e-05 3.2999999999999998224
1.9765641443862497863e-05 0
1.9796066581505013623e-05 0
1.9796116581505013732e-05 3.2999999999999998224
1.9797116581505012537e-05 3.2999999999999998224
1.9797166581505012647e-05 0
1.9886564860294571279e-05 0
1.9886614860294571388e-05 3.2999999999999998224
1.9887614860294570193e-05 3.2999999999999998224
1.9887664860294570302e-05 0
1.9979879268524098766e-05 0
1.9979929268524098876e-05 3.2999999999999998224
1.9980929268524097681e-05 3.2999999999999998224
1.998097926852409779e-05 0
2.0076945088516563124e-05 0
2.0076995088516563234e-05 3.2999999999999998224
2.0077995088516562038e-05 3.2999999999999998224
2.0078045088516562148e-05 0
2.0174907714849340672e-05 0
2.0174957714849340782e-05 3.2999999999999998224
2.0175957714849339586e-05 3.2999999999999998224
2.0176007714849339696e-05 0
2.0180571372088646528e-05 0
2.0180621372088646638e-05 3.2999999999999998224
2.0181621372088645442e-05 3.2999999999999998224
2.0181671372088645552e-05 0
2.0190714068627322209e-05 0
2.0190764068627322319e-05 3.2999999999999998224
2.0191764068627321123e-05 3.2999999999999998224
2.0191814068627321233e-05 0
2.0194570783511530136e-05 0
2.0194620783511530246e-05 3.2999999999999998224
2.019562078351152905e-05 3.2999999999999998224
2.019567078351152916e-05 0
2.0282652701540442654e-05 0
2.0282702701540442764e-05 3.2999999999999998224
2.0283702701540441568e-05 3.2999999999999998224
2.0283752701540441678e-05 0
2.0285947682568029605e-05 0
2.0285997682568029715e-05 3.2999999999999998224
2.0286997682568028519e-05 3.2999999999999998224
2.0287047682568028629e-05 0
2.0342525479587068626e-05 0
2.0342575479587068736e-05 3.2999999999999998224
2.0343575479587067541e-05 3.2999999999999998224
2.034362547958706765e-05 0
2.0380207561652867508e-05 0
2.0380257561652867618e-05 3.2999999999999998224
2.0381257561652866422e-05 3.2999999999999998224
2.0381307561652866532e-05 0
2.0386543807959567792e-05 0
2.0386593807959567902e-05 3.2999999999999998224
2.0387593807959566707e-05 3.2999999999999998224
2.0387643807959566816e-05 0
2.0440629732294668652e-05 0
2.0440679732294668761e-05 3.2999999999999998224
2.0441679732294667566e-05 3.2999999999999998224
2.0441729732294667676e-05 0
2.0538244387454997626e-05 0
2.0538294387454997735e-05 3.2999999999999998224
2.053929438745499654e-05 3.2999999999999998224
2.0539344387454996649e-05 0
2.0573771044686690304e-05 0
2.0573821044686690414e-05 3.2999999999999998224
2.0574821044686689218e-05 3.2999999999999998224
2.0574871044686689328e-05 0
2.065175070556293514e-05 0
2.0651800705562935249e-05 3.2999999999999998224
2.0652800705562934054e-05 3.2999999999999998224
2.0652850705562934163e-05 0
2.0716448102434128716e-05 0
2.0716498102434128826e-05 3.2999999999999998224
2.0717498102434127631e-05 3.2999999999999998224
2.071754810243412774e-05 0
2.0800650930411809889e-05 0
2.0800700930411809999e-05 3.2999999999999998224
2.0801700930411808803e-05 3.2999999999999998224
2.0801750930411808913e-05 0
2.0836107427175751944e-05 0
2.0836157427175752054e-05 3.2999999999999998224
2.0837157427175750858e-05 3.2999999999999998224
2.0837207427175750968e-05 0
2.0863093974753471957e-05 0
2.0863143974753472066e-05 3.2999999999999998224
2.0864143974753470871e-05 3.2999999999999998224
2.0864193974753470981e-05 0
2.0907426612654865213e-05 0
2.0907476612654865323e-05 3.2999999999999998224
2.0908476612654864127e-05 3.2999999999999998224
2.0908526612654864237e-05 0
2.0961371750416699528e-05 0
2.0961421750416699638e-05 3.2999999999999998224
2.0962421750416698442e-05 3.2999999999999998224
2.0962471750416698552e-05 0
2.0989765405377623333e-05 0
2.0989815405377623442e-05 3.2999999999999998224
2.0990815405377622247e-05 3.2999999999999998224
2.0990865405377622356e-05 0
2.1022427859133251029e-05 0
2.1022477859133251139e-05 3.2999999999999998224
2.1023477859133249943e-05 3.2999999999999998224
2.1023527859133250053e-05 0
2.1046892981011233227e-05 0
2.1046942981011233336e-05 3.2999999999999998224
2.1047942981011232141e-05 3.2999999999999998224
2.1047992981011232251e-05 0
2.107539774204251546e-05 0
2.107544774204251557e-05 3.2999999999999998224
2.1076447742042514374e-05 3.2999999999999998224
2.1076497742042514484e-05 0
2.1130514567122516084e-05 0
2.1130564567122516194e-05 3.2999999999999998224
2.1131564567122514998e-05 3.2999999999999998224
2.1131614567122515108e-05 0
2.1168642328749225507e-05 0
2.1168692328749225617e-05 3.2999999999999998224
2.1169692328749224421e-05 3.2999999999999998224
2.1169742328749224531e-05 0
2.1226833315077941891e-05 0
2.1226883315077942001e-05 3.2999999999999998224
2.1227883315077940806e-05 3.2999999999999998224
2.1227933315077940915e-05 0
2.1282940872590819887e-05 0
2.1282990872590819997e-05 3.2999999999999998224
2.1283990872590818802e-05 3.2999999999999998224
2.1284040872590818911e-05 0
2.1299058859233002537e-05 0
2.1299108859233002646e-05 3.2999999999999998224
2.1300108859233001451e-05 3.2999999999999998224
2.130015885923300156e-05 0
2.1394985554424775204e-05 0
2.1395035554424775314e-05 3.2999999999999998224
2.1396035554424774119e-05 3.2999999999999998224
2.1396085554424774228e-05 0
2.1476344729847524697e-05 0
2.1476394729847524806e-05 3.2999999999999998224
2.1477394729847523611e-05 3.2999999999999998224
2.147744472984752372e-05 0
2.1559593501003142751e-05 0
2.155964350100314286e-05 3.2999999999999998224
2.1560643501003141665e-05 3.2999999999999998224
2.1560693501003141775e-05 0
2.1606949832728816047e-05 0
2.1606999832728816157e-05 3.2999999999999998224
2.1607999832728814961e-05 3.2999999999999998224
2.1608049832728815071e-05 0
2.1639250349479899918e-05 0
2.1639300349479900028e-05 3.2999999999999998224
2.1640300349479898832e-05 3.2999999999999998224
2.1640350349479898942e-05 0
2.1651069791231892532e-05 0
2.1651119791231892642e-05 3.2999999999999998224
2.1652119791231891447e-05 3.2999999999999998224
2.1652169791231891556e-05 0
2.1701869836412964945e-05 0
2.1701919836412965055e-05 3.2999999999999998224
2.170291983641296386e-05 3.2999999999999998224
2.1702969836412963969e-05 0
2.1716090406369782022e-05 0
2.1716140406369782132e-05 3.2999999999999998224
2.1717140406369780936e-05 3.2999999999999998224
2.1717190406369781046e-05 0
2.1791366099660693545e-05 0
2.1791416099660693655e-05 3.2999999999999998224
2.179241609966069246e-05 3.2999999999999998224
2.1792466099660692569e-05 0
2.1875106338094891313e-05 0
2.1875156338094891423e-05 3.2999999999999998224
2.1876156338094890228e-05 3.2999999999999998224
2.1876206338094890337e-05 0
2.1920147385632144749e-05 0
2.1920197385632144858e-05 3.2999999999999998224
2.1921197385632143663e-05 3.2999999999999998224
2.1921247385632143772e-05 0
2.1982600700741112984e-05 0
2.1982650700741113094e-05 3.2999999999999998224
2.1983650700741111898e-05 3.2999999999999998224
2.1983700700741112008e-05 0
2.2051250075119760668e-05 0
2.2051300075119760778e-05 3.2999999999999998224
2.2052300075119759583e-05 3.2999999999999998224
2.2052350075119759692e-05 0
2.2134585848895188597e-05 0
2.2134635848895188706e-05 3.2999999999999998224
2.2135635848895187511e-05 3.2999999999999998224
2.213568584889518762e-05 0
2.2137771987044925953e-05 0
2.2137821987044926063e-05 3.2999999999999998224
2.2138821987044924867e-05 3.2999999999999998224
2.2138871987044924977e-05 0
2.2189103421575791291e-05 0
2.21891534215757914e-05 3.2999999999999998224
2.2190153421575790205e-05 3.2999999999999998224
2.2190203421575790314e-05 0
2.2195244179140438879e-05 0
2.2195294179140438989e-05 3.2999999999999998224
2.2196294179140437793e-05 3.2999999999999998224
2.2196344179140437903e-05 0
2.2226140961751084801e-05 0
2.2226190961751084911e-05 3.2999999999999998224
2.2227190961751083716e-05 3.2999999999999998224
2.2227240961751083825e-05 0
2.2232945066289189738e-05 0
2.2232995066289189847e-05 3.2999999999999998224
2.2233995066289188652e-05 3.2999999999999998224
2.2234045066289188762e-05 0
2.2318223070363954046e-05 0
2.2318273070363954156e-05 3.2999999999999998224
2.231927307036395296e-05 3.2999999999999998224
2.231932307036395307e-05 0
2.2376312766345897231e-05 0
2.2376362766345897341e-05 3.2999999999999998224
2.2377362766345896145e-05 3.2999999999999998224
2.2377412766345896255e-05 0
2.2442857349383449339e-05 0
2.2442907349383449449e-05 3.2999999999999998224
2.2443907349383448253e-05 3.2999999999999998224
2.2443957349383448363e-05 0
2.2475517166358062015e-05 0
2.2475567166358062125e-05 3.2999999999999998224
2.2476567166358060929e-05 3.2999999999999998224
2.2476617166358061039e-05 0
2.2569316503148170093e-05 0
2.2569366503148170203e-05 3.2999999999999998224
2.2570366503148169007e-05 3.2999999999999998224
2.2570416503148169117e-05 0
2.2638102490676020032e-05 0
2.2638152490676020142e-05 3.2999999999999998224
2.2639152490676018947e-05 3.2999999999999998224
2.2639202490676019056e-05 0
2.2660272270444637354e-05 0
2.2660322270444637464e-05 3.2999999999999998224
2.2661322270444636269e-05 3.2999999999999998224
2.2661372270444636378e-05 0
2.2665186881085446581e-05 0
2.266523688108544669e-05 3.2999999999999998224
2.2666236881085445495e-05 3.2999999999999998224
2.2666286881085445605e-05 0
2.2720976907165970179e-05 0
2.2721026907165970288e-05 3.2999999999999998224
2.2722026907165969093e-05 3.2999999999999998224
2.2722076907165969202e-05 0
2.2773399751875397524e-05 0
2.2773449751875397633e-05 3.2999999999999998224
2.2774449751875396438e-05 3.2999999999999998224
2.2774499751875396548e-05 0
2.285079064183939278e-05 0
2.2850840641839392889e-05 3.2999999999999998224
2.2851840641839391694e-05 3.2999999999999998224
2.2851890641839391803e-05 0
2.2891270321032426032e-05 0
2.2891320321032426142e-05 3.2999999999999998224
2.2892320321032424946e-05 3.2999999999999998224
2.2892370321032425056e-05 0
2.2899151182129859691e-05 0
2.2899201182129859801e-05 3.2999999999999998224
2.2900201182129858605e-05 3.2999999999999998224
2.2900251182129858715e-05 0
2.2911240587352951927e-05 0
2.2911290587352952037e-05 3.2999999999999998224
2.2912290587352950841e-05 3.2999999999999998224
2.2912340587352950951e-05 0
2.2922934437297516754e-05 0
2.2922984437297516864e-05 3.2999999999999998224
2.2923984437297515669e-05 3.2999999999999998224
2.2924034437297515778e-05 0
2.3021213951763314136e-05 0
2.3021263951763314246e-05 3.2999999999999998224
2.302226395176331305e-05 3.2999999999999998224
2.302231395176331316e-05 0
2.3063926130646523387e-05 0
2.3063976130646523496e-05 3.2999999999999998224
2.3064976130646522301e-05 3.2999999999999998224
2.3065026130646522411e-05 0
2.3077703008068784196e-05 0
2.3077753008068784305e-05 3.2999999999999998224
2.307875300806878311e-05 3.2999999999999998224
2.3078803008068783219e-05 0
2.3176640293130188641e-05 0
2.317669029313018875e-05 3.2999999999999998224
2.3177690293130187555e-05 3.2999999999999998224
2.3177740293130187665e-05 0
2.324372500520020712e-05 0
2.3243775005200207229e-05 3.2999999999999998224
2.3244775005200206034e-05 3.2999999999999998224
2.3244825005200206143e-05 0
2.3317454381108911022e-05 0
2.3317504381108911132e-05 3.2999999999999998224
2.3318504381108909936e-05 3.2999999999999998224
2.3318554381108910046e-05 0
2.3363429528871475108e-05 0
2.3363479528871475217e-05 3.2999999999999998224
2.3364479528871474022e-05 3.2999999999999998224
2.3364529528871474132e-05 0
2.3451594142930434555e-05 0
2.3451644142930434665e-05 3.2999999999999998224
2.3452644142930433469e-05 3.2999999999999998224
2.3452694142930433579e-05 0
2.3502108726381525176e-05 0
2.3502158726381525285e-05 3.2999999999999998224
2.350315872638152409e-05 3.2999999999999998224
2.35032087263815242e-05 0
2.354414101930362601e-05 0
2.354419101930362612e-05 3.2999999999999998224
2.3545191019303624924e-05 3.2999999999999998224
2.3545241019303625034e-05 0
2.3641822669037895749e-05 0
2.3641872669037895859e-05 3.2999999999999998224
2.3642872669037894663e-05 3.2999999999999998224
2.3642922669037894773e-05 0
2.3716615956996164036e-05 0
2.3716665956996164146e-05 3.2999999999999998224
2.3717665956996162951e-05 3.2999999999999998224
2.371771595699616306e-05 0
2.374265879717999371e-05 0
2.374270879717999382e-05 3.2999999999999998224
2.3743708797179992624e-05 3.2999999999999998224
2.3743758797179992734e-05 0
2.3782944466897234804e-05 0
2.3782994466897234914e-05 3.2999999999999998224
2.3783994466897233718e-05 3.2999999999999998224
2.3784044466897233828e-05 0
2.384820438572703117e-05 0
2.384825438572703128e-05 3.2999999999999998224
2.3849254385727030085e-05 3.2999999999999998224
2.3849304385727030194e-05 0
2.3932272982728097668e-05 0
2.3932322982728097778e-05 3.2999999999999998224
2.3933322982728096582e-05 3.2999999999999998224
2.3933372982728096692e-05 0
2.3996513292142898762e-05 0
2.3996563292142898872e-05 3.2999999999999998224
2.3997563292142897677e-05 3.2999999999999998224
2.3997613292142897786e-05 0
2.4065853730973716811e-05 0
2.406590373097371692e-05 3.2999999999999998224
2.4066903730973715725e-05 3.2999999999999998224
2.4066953730973715834e-05 0
2.4158803963296941714e-05 0
2.4158853963296941824e-05 3.2999999999999998224
2.4159853963296940629e-05 3.2999999999999998224
2.4159903963296940738e-05 0
2.4190531389881425166e-05 0
2.4190581389881425276e-05 3.2999999999999998224
2.4191581389881424081e-05 3.2999999999999998224
2.419163138988142419e-05 0
2.4199876169539939047e-05 0
2.4199926169539939157e-05 3.2999999999999998224
2.4200926169539937961e-05 3.2999999999999998224
2.4200976169539938071e-05 0
2.4280214139268527018e-05 0
2.4280264139268527127e-05 3.2999999999999998224
2.4281264139268525932e-05 3.2999999999999998224
2.4281314139268526042e-05 0
2.4366366628848777664e-05 0
2.4366416628848777773e-05 3.2999999999999998224
2.4367416628848776578e-05 3.2999999999999998224
2.4367466628848776688e-05 0
2.4433837998573830664e-05 0
2.4433887998573830774e-05 3.2999999999999998224
2.4434887998573829579e-05 3.2999999999999998224
2.4434937998573829688e-05 0
2.445955586460089065e-05 0
2.445960586460089076e-05 3.2999999999999998224
2.4460605864600889564e-05 3.2999999999999998224
2.4460655864600889674e-05 0
2.4463569503001810835e-05 0
2.4463619503001810944e-05 3.2999999999999998224
2.4464619503001809749e-05 3.2999999999999998224
2.4464669503001809859e-05 0
2.4502073700701442697e-05 0
2.4502123700701442806e-05 3.2999999999999998224
2.4503123700701441611e-05 3.2999999999999998224
2.4503173700701441721e-05 0
2.4589218590616223958e-05 0
2.4589268590616224068e-05 3.2999999999999998224
2.4590268590616222872e-05 3.2999999999999998224
2.4590318590616222982e-05 0
2.4688309666867992492e-05 0
2.4688359666867992602e-05 3.2999999999999998224
2.4689359666867991406e-05 3.2999999999999998224
2.4689409666867991516e-05 0
2.4775767473911776846e-05 0
2.4775817473911776955e-05 3.2999999999999998224
2.477681747391177576e-05 3.2999999999999998224
2.4776867473911775869e-05 0
2.4866449882145607453e-05 0
2.4866499882145607562e-05 3.2999999999999998224
2.4867499882145606367e-05 3.2999999999999998224
2.4867549882145606477e-05 0
2.4959383447668595334e-05 0
2.4959433447668595443e-05 3.2999999999999998224
2.4960433447668594248e-05 3.2999999999999998224
2.4960483447668594358e-05 0
2.496727718314262906e-05 0
2.496732718314262917e-05 3.2999999999999998224
2.4968327183142627974e-05 3.2999999999999998224
2.4968377183142628084e-05 0
2.505722647931248444e-05 0
2.505727647931248455e-05 3.2999999999999998224
2.5058276479312483354e-05 3.2999999999999998224
2.5058326479312483464e-05 0
2.5154186191475591278e-05 0
2.5154236191475591388e-05 3.2999999999999998224
2.5155236191475590193e-05 3.2999999999999998224
2.5155286191475590302e-05 0
2.5244664510520916902e-05 0
2.5244714510520917011e-05 3.2999999999999998224
2.5245714510520915816e-05 3.2999999999999998224
2.5245764510520915926e-05 0
2.5302287088702860046e-05 0
2.5302337088702860155e-05 3.2999999999999998224
2.530333708870285896e-05 3.2999999999999998224
2.530338708870285907e-05 0
2.5401781387517352449e-05 0
2.5401831387517352558e-05 3.2999999999999998224
2.5402831387517351363e-05 3.2999999999999998224
2.5402881387517351473e-05 0
2.544210950800582428e-05 0
2.544215950800582439e-05 3.2999999999999998224
2.5443159508005823194e-05 3.2999999999999998224
2.5443209508005823304e-05 0
2.545889186378401636e-05 0
2.5458941863784016469e-05 3.2999999999999998224
2.5459941863784015274e-05 3.2999999999999998224
2.5459991863784015384e-05 0
2.5470826447348278822e-05 0
2.5470876447348278932e-05 3.2999999999999998224
2.5471876447348277737e-05 3.2999999999999998224
2.5471926447348277846e-05 0
2.5524543824692158789e-05 0
2.5524593824692158898e-05 3.2999999999999998224
2.5525593824692157703e-05 3.2999999999999998224
2.5525643824692157812e-05 0
2.5539879046212289804e-05 0
2.5539929046212289914e-05 3.2999999999999998224
2.5540929046212288719e-05 3.2999999999999998224
2.5540979046212288828e-05 0
2.5585717427245676292e-05 0
2.5585767427245676402e-05 3.2999999999999998224
2.5586767427245675206e-05 3.2999999999999998224
2.5586817427245675316e-05 0
2.5636881359910160575e-05 0
2.5636931359910160685e-05 3.2999999999999998224
2.5637931359910159489e-05 3.2999999999999998224
2.5637981359910159599e-05 0
2.5655733994927677391e-05 0
2.5655783994927677501e-05 3.2999999999999998224
2.5656783994927676306e-05 3.2999999999999998224
2.5656833994927676415e-05 0
2.567051355785990706e-05 0
2.567056355785990717e-05 3.2999999999999998224
2.5671563557859905974e-05 3.2999999999999998224
2.5671613557859906084e-05 0
2.5724307545591844023e-05 0
2.5724357545591844133e-05 3.2999999999999998224
2.5725357545591842937e-05 3.2999999999999998224
2.5725407545591843047e-05 0
2.5784042038990631488e-05 0
2.5784092038990631598e-05 3.2999999999999998224
2.5785092038990630402e-05 3.2999999999999998224
2.5785142038990630512e-05 0
2.5809064614820326536e-05 0
2.5809114614820326646e-05 3.2999999999999998224
2.5810114614820325451e-05 3.2999999999999998224
2.581016461482032556e-05 0
2.5906402413265384755e-05 0
2.5906452413265384865e-05 3.2999999999999998224
2.5907452413265383669e-05 3.2999999999999998224
2.5907502413265383779e-05 0
2.600533743665696439e-05 0
2.60053874366569645e-05 3.2999999999999998224
2.6006387436656963304e-05 3.2999999999999998224
2.6006437436656963414e-05 0
2.6104882970346452131e-05 0
2.6104932970346452241e-05 3.2999999999999998224
2.6105932970346451045e-05 3.2999999999999998224
2.6105982970346451155e-05 0
2.6188346906210857156e-05 0
2.6188396906210857266e-05 3.2999999999999998224
2.618939690621085607e-05 3.2999999999999998224
2.618944690621085618e-05 0
2.6258477883098644353e-05 0
